0	1
0	2
3	4
2	5
7	8
9	10
9	11
1	4
1	5
1	12
1	13
14	15
16	13
17	10
17	11
5	13
5	18
5	4
5	12
19	20
21	10
21	11
22	10
22	11
23	24
23	25
26	27
28	10
28	11
29	30
31	32
31	33
34	35
36	37
36	10
36	38
39	10
39	11
38	40
38	41
38	42
38	43
44	45
44	46
43	10
47	48
47	49
50	13
46	45
46	51
32	52
32	53
32	33
51	54
51	45
40	10
41	10
10	55
10	56
10	57
10	58
10	59
10	42
10	15
60	11
12	18
49	61
62	6
14 0
48	61
53	52
55	11
56	11
57	11
58	11
59	11
11	15
